1.229942
1.020058
0.770058
0.645058
0.457558
0.386192
0.253379
0.164589
0.127480
0.093300
0.062539
0.041543
0.024331
0.023598
0.018227
0.008477
0.006959
0.004875
0.003676
0.002744
0.001909
0.001393
1.270058
1.020058
0.645058
0.332558
0.167442
0.098183
0.050254
0.023964
0.017051
0.010215
0.006386
0.004921
0.004189
0.003945
0.004036
0.004250
0.004288
0.004204
0.004214
0.004153
0.004130
0.004122
1.270058
0.979942
0.770058
0.457558
0.332558
0.191933
0.113808
0.063027
0.026817
0.015098
0.007363
0.003623
0.002114
0.001304
0.000985
0.000755
0.000702
0.000680
0.000586
0.000632
0.000619
0.000593
1.270058
1.229942
0.854942
0.604942
0.363808
0.223183
0.152871
0.098183
0.041543
0.022011
0.011192
0.006065
0.003579
0.001243
0.000694
0.000358
0.000252
0.000138
0.000107
0.000097
0.000090
0.000090
1.270058
1.020058
0.895058
0.542442
0.395058
0.308067
0.152871
0.140098
0.067832
0.045372
0.018593
0.013466
0.005821
0.002769
0.001426
0.000801
0.000329
0.000206
0.000078
0.000040
0.000025
0.000012
2
4
8
16
32
64
128
256
512
1024
2048
4096
8192
16384
32768
65536
131072
262144
524288
1048576
2097152
4194304
